24093581628817364348189434582 132974276031746610481252579053 1081221664910018827365172552337 100 3998473918891393952053630561 399847391889139395205363056100 927539516650560517770727557 True
48493953 438347913 568808509 100 3819394 381939400 23174411 True
714002744544480953281639246625 119057086166527795987698604214 1196251238809611232403543947631 100 4448202373270843786382887741 444820237327084378638288774101 448067965383154037841056869260 True
446772995 73925077 780332159 100 6553544 655354400 270112795 True
14366481735849 102847206787340 126164535104143 100 704683809854 70468380985400 11595529358940 True
797264992 428597046 806795533 100 2882011 288201100 285206843 True
119370515496757 108194740734625 800595819056753 100 6761436784939 676143678493900 158992619579675 True
567271547212863 877240913784823 1022746728396257 100 8170432417052 817043241705204 429633994088215 True
43070967213722783398008177340 15085789613494421152456132763 54183989887731762329952694933 100 9941336807435588101602925 994133680743558810160292500 7671047491799041617696436433 True
331164466 415137136 794971097 100 748311 74831105 156773176 True
32681357 388959927 483142421 100 1663057 166305700 161980185 True
336727559492279978001831066685 432474688735948587694632609088 483633502110481254344062233041 100 2210977976356793225585048479 221097797635679322558504847900 11041685174994731727406652455 True
584462287 870052427 918205987 100 6476119 647611900 363916142 True
129974373934940218214726119130 401889356215892033854064269378 527125984464972147417297361823 100 741079666968989579995871351 74107966696898957999587135103 65348844262231431500219654465 True
35789065214063808944733499314 73586267461644964216727309184 139661791954514594391041044117 100 816551895080854848969925039 81655189508085484896992503902 37258374864359655339624913840 True
37537465175233 37146240707445 137208238884209 100 423617048113 42361704811300 18250560740464 True
429206165 516013878 699367763 100 5828034 582803400 212455629 True
111900656690966 118045979844797 200113759533451 100 1369811356573 136981135657300 42040752610451 True
658250308 174247400 749511821 100 3435525 343552501 194697626 True
527987604712878 611998535284200 668557186945889 100 380902929003 38090292900302 52432101126678 True
327845159743145889641571826049 623380554632824315673408533493 651933752901745939613531801893 100 6408305923361545067274530025 640830592336154506727453002500 36662672038146343442576176476 True
19020250 1833908 153446959 100 108489 10848903 4018265 True
940725777346334 811185705797218 1003027475606419 100 6996172304136 699617230413603 137106800011636 True
155446969164691727202227156943 55612870345724180062517211202 157838384106434436823562123879 100 1069709949943351487311641751 106970994994335148731164175102 69280840195242518270826874715 True
34565466 78934022 98842439 100 355345 35534500 46700564 True
106906960 53801133 348610439 100 3453236 345323600 88652710 True
922532823553560690484142360474 929334568054692897958713515128 1075140905011053278546929117397 100 4602757721738332235245887632 460275772173833223524588763204 269558717542238426996515572751 True
442527821140386790786721587603 358707657037642910088516707288 1194098145459944367585877620239 100 1557955535895218811905105409 155795553589521881190510540900 470625882856958939366686295373 True
114976067345944 121908241250198 822178067549669 100 7181926840887 718192684088703 49686788032482 True
177350865 100383786 198193811 100 778319 77831901 97737171 True
726756340 626161496 998876413 100 2256175 225617500 234228848 True
153876978729682 6785312513989 391771703283217 100 3060671610965 306067161096502 102199576763427 True
38527052301808 203069942393944 219683944577381 100 432681353083 43268135308300 43231165818783 True
209494646006061959293873563888 207837452881608443430990828336 388596891805322446167799553251 100 3230172948179644635355906589 323017294817964463535590658901 139262868698514991805540814108 True
506509098693755 254719710193771 852269706388829 100 7081829811075 708182981107502 61904479980557 True
356938651532769807896757070249 436992639651675133705560785520 1056606383289059940749529480239 100 3740398663456289223777575276 374039866345628922377757527600 523332369124119355071022874684 True
39001228 7843491 99630197 100 289245 28924500 27255984 True
184866143 148695191 460176643 100 1469581 146958100 102102263 True
535121128408818 708132585504005 1082097122169209 100 1397676776407 139767677640702 285916665362433 True
7351062 17984278 56143597 100 544112 54411200 5262965 True
289887698443946 203976955796062 375759656546333 100 3240692711940 324069271194005 53365351173153 True
841412 1824938 2252011 100 19106 1910600 782858 True
319580011 394581719 402385769 100 3695194 369519400 172555185 True
30048958813580 71368750733046 75135501314039 100 428028663110 42802866311002 26159994948611 True
162982200649285 122502383645634 526797006678493 100 2861935309912 286193530991202 10996553970074 True
50168584356575 129381082120071 861845585022599 100 7595157639686 759515763968602 211816926745479 True
15746257059700 43708710768584 98231237372629 100 703097023591 70309702359100 25058871142625 True
385365319651557 738165148753905 871008977693597 100 833592466376 83359246637600 314127791052128 True
354837943 280186435 943835027 100 2992584 299258401 70096667 True
41239689229664 27836471079318 46588173800281 100 42510755056 4251075505601 8377611252084 True