584521 658255 871439 653849 90142 33277 672642 869539 245416
584521 658255 871439 29177 381490 29177 381490 454601 440170
584521 658255 871439 729163 480677 729163 390762 inf inf
102282 396991 415427 107682 260767 228236 287955 187030 154181
102282 396991 415427 42083 86492 42083 86492 23154 282297
102282 396991 415427 14384 408501 14384 6926 inf inf
319 193 811 754 329 761 324 753 713
319 193 811 128 347 128 347 555 464
319 193 811 762 538 762 273 inf inf
100672532609755334827886064296 258443610396859685295484180373 444059484791246976684436077799 84970579476080381434331628028 64440878664245551811521922214 162695284929555127693204260437 24803443383680551776848443282 235611971937719363547125891660 71887867304919252319140554271
100672532609755334827886064296 258443610396859685295484180373 444059484791246976684436077799 12768217800727444434786724935 285602744921641638367301587258 12768217800727444434786724935 285602744921641638367301587258 210541636218396103539853996457 5016678565017116089911182266
100672532609755334827886064296 258443610396859685295484180373 444059484791246976684436077799 61641233626440347684520444214 236726486827291818180869677435 61641233626440347684520444214 207332997963955158503566400364 inf inf
24228132557543955900339808886 98237994141855234937070105151 205906577209381278936655141631 90633347871907635273648380822 156835191641242037254467564934 193878832713325398050465888882 164245571403382872255136704058 179887468835922545458449578616 16176041377536315629073386958
24228132557543955900339808886 98237994141855234937070105151 205906577209381278936655141631 78117798762134655337116740346 191505432935229319066579660305 78117798762134655337116740346 191505432935229319066579660305 168715883268705088792482823580 168615795135939861995172842943
24228132557543955900339808886 98237994141855234937070105151 205906577209381278936655141631 146648371539276515350644112476 60296645715966125409073068185 146648371539276515350644112476 145609931493415153527582073446 inf inf