138 68 157 25 60 21 83 -130
51625147243288 20203625453253 125565704917787 44144503758425 50550630942493 569551765749 104606963258679 -105667762695211
114 22 149 96 19 94 51 -88
218825961040821 268133643139482 278780865278719 55558948714972 41237781423339 182657443561560 134957793269408 122353579315124
101416942493598 465272011880007 840471360974533 724117373629350 525433107259391 547674412714485 628172021363059 804908352979469
127196094455347 177728470525951 208976752586813 118790758916401 133468467701237 62611576416660 109807289116072 111426883097595
3222494583962229415652353987 180841643551186735198741364599 389796767776375236986919696649 366447277739330547376563024177 321770999289746828123150011290 380487680024499474193794623282 39018895127858955700165960510 -266406800634434197574211109821
107 143 439 77 47 316 390 -152
412455243514097 522996971703141 1115930885739793 721847656646003 386250858028744 1070581844772898 910501610103064 -451183724866158
788850680847332 614268436304696 942898801414181 5620696865101 667524625380441 331847922430309 616119201883570 225384320502375
185510764207049 386419029478444 398705208757631 331711668807553 87359451670363 172226632683252 200292191390268 280707893829303
594 434 887 507 524 337 838 772
40814503804199833023977262256 46855555770893145715965659148 90143969052349622881176038297 89879442772802446393563248810 86959980437014700071867286469 27712053518906927115725148856 81797658951643272714109155098 -57651237411182300504496087947
88506498243875416557878505832 779492159941102194335926507587 794550071790385880808263860991 6843532328930603489478408439 583892475804045851775092286605 746984882967333271697774525044 406425537222373887779031890296 316285752264944326865884972424
26675573319666628042080592124 301039031745878032668346330195 458487441425848951976865430907 34208507935938445501522805464 246192650133224929148214386327 48912752935618409912399332049 260089597853251256616313442868 430792539932410338886554909236
35540042816302526002468543763 290251820521753480959151990393 441531837881848107207136936433 170322732917481285511536324531 10710968692650546257191534326 264921723881401731838241514767 56847701643074411511227353480 145555571318031833495894980891
33 54 71 15 44 5 42 35
1144060689217599432128918647049 985007973926735769898358847836 1164182121329866337689523296811 248215294115021750374528659456 252502375534321771108851358254 714662168845173062395038122732 83134129893347387548591257939 766410025046561864423524428025
7384537648033 970419444379623 1108278124869961 365603589238797 1069839931883599 976832900721750 862550780885667 344579417405150
978056375372147576350619979063 211984981083272375963887026557 1256493787685309508533889173809 130273599696928122213746852916 224799016896555190666640179115 658296882708655038595448306583 475181678601636604965754457458 -766798150880029358325976040566
278224005505267 110383534055015 285277023072997 129909465325768 92982116206899 184388350407240 66951532946736 -7948839732985
4428855485950160867625981951 8317455525999088116916997152 25145288896858580272830204437 1705536373104251159654206605 19289376079114382865086022660 899815381258018598722849085 2032722590918892984758431868 -22523952201519802593378039579
106 132 137 106 88 55 111 -41
72444690356057468757150563498 103447410657860015405390664333 106368142190653199822459125189 43029196732145052651617957764 66254406210241693005099002810 63708353599157047092995679508 68308213751204685148086808205 48546253774233150466683178739
3 202 229 189 109 118 46 190
95 254 347 172 280 3 162 -211
47333079090329935118803619642 442763726234466809626247962530 686282263085861518518681846053 637884843620350699298668146432 92359883878186120863131128436 189355495927970599428768372490 22974528404048779984183875292 116739203978352322366863546543
853444698757715120134350155742 408047766622970668190318029674 1146679924518928909840382544797 302511541138031633786540762978 579194019220382780379530661863 99965018423601163716807278240 69476437096075386020297982556 394966092087418319760643655683
629 414 983 581 43 571 136 -420
907855969878307 345365783060417 1109036503408061 1107070219289450 498926564308032 8093174910836 625456484213206 -906592964317902
145 128 191 0 1 0 1 -31
224 334 383 179 277 85 363 280
30 555 719 711 341 269 102 -220
83464340836585712101989402875 98974203101961229280475700407 667434649257634732002406344547 508605343734744751857906012656 345986038737852043761296112432 130626431688753365794052658309 9651440237700303841269066809 -214126546788399497588918489095
80029774495717852645738384631 165055241347346641654588362764 185957538553840702693281843163 122270382213357443260405776996 150030743923017016372269590489 121741039119069053615027158748 164260479993989175604018468426 -101423285583310368992606072015
928982268727205 402805758140053 1049982782923843 659639425696058 28526317828732 647431748004586 329624032569104 422880354583238
99769274894077175733741872190 25721487636194152606838072650 177226384096717593145824016333 65916832659136921011917023858 76607859949368966064729087034 127158923081997939032060971851 67444250718496863391355435791 141675498088793855320444352809
468 444 881 485 778 879 479 863
173969623232818 4988535853911 631637073462107 335532663450475 301568211499305 493171701941921 227572507024953 206198721478727
117824997183148 79709887970884 234204433970159 228542315016226 185500030516484 64864243904287 83300747133401 231551877459036